mse=(0.187740326+0.004699707 +0.000003815)/3;
mse
PSNR_Value = 10 * log10( 256*256 / mse);
PSNR_Value